name: safety_metrics
channels:
  - conda-forge
  - defaults
dependencies:
  - _libgcc_mutex=0.1=main
  - blas=1.0=mkl
  - bzip2=1.0.8=h516909a_2
  - ca-certificates=2019.11.28=hecc5488_0
  - cairo=1.16.0=hfb77d84_1002
  - certifi=2019.11.28=py37_0
  - dbus=1.13.6=he372182_0
  - expat=2.2.5=he1b5a44_1004
  - ffmpeg=4.1.3=h167e202_0
  - fontconfig=2.13.1=h86ecdb6_1001
  - freetype=2.10.0=he983fc9_1
  - gettext=0.19.8.1=hc5be6a0_1002
  - giflib=5.2.1=h516909a_1
  - glib=2.58.3=py37h6f030ca_1002
  - gmp=6.2.0=he1b5a44_0
  - gnutls=3.6.5=hd3a4fd2_1002
  - graphite2=1.3.13=hf484d3e_1000
  - gst-plugins-base=1.14.5=h0935bb2_1
  - gstreamer=1.14.5=h36ae1b5_1
  - harfbuzz=2.4.0=h9f30f68_3
  - hdf5=1.10.5=nompi_h3c11f04_1104
  - icu=64.2=he1b5a44_1
  - intel-openmp=2019.4=243
  - jasper=1.900.1=h07fcdf6_1006
  - jpeg=9c=h14c3975_1001
  - lame=3.100=h14c3975_1001
  - ld_impl_linux-64=2.33.1=h53a641e_7
  - libblas=3.8.0=14_mkl
  - libcblas=3.8.0=14_mkl
  - libedit=3.1.20181209=hc058e9b_0
  - libffi=3.2.1=hd88cf55_4
  - libgcc-ng=9.1.0=hdf63c60_0
  - libgfortran-ng=7.3.0=hdf63c60_0
  - libiconv=1.15=h516909a_1005
  - liblapack=3.8.0=14_mkl
  - liblapacke=3.8.0=14_mkl
  - libpng=1.6.37=hed695b0_0
  - libstdcxx-ng=9.1.0=hdf63c60_0
  - libtiff=4.1.0=hc3755c2_3
  - libuuid=2.32.1=h14c3975_1000
  - libwebp=1.0.2=h56121f0_5
  - libxcb=1.13=h14c3975_1002
  - libxml2=2.9.10=hee79883_0
  - lz4-c=1.8.3=he1b5a44_1001
  - mkl=2019.4=243
  - mkl-service=2.3.0=py37he904b0f_0
  - mkl_fft=1.0.15=py37ha843d7b_0
  - mkl_random=1.1.0=py37hd6b4f25_0
  - ncurses=6.1=he6710b0_1
  - nettle=3.4.1=h1bed415_1002
  - numpy=1.18.1=py37h4f9e942_0
  - numpy-base=1.18.1=py37hde5b4d6_1
  - opencv=4.1.0=py37h3aa1047_6
  - openh264=1.8.0=hdbcaa40_1000
  - openssl=1.1.1d=h516909a_0
  - pandas=0.25.3=py37he6710b0_0
  - pcre=8.43=he1b5a44_0
  - pip=19.3.1=py37_0
  - pixman=0.38.0=h516909a_1003
  - pthread-stubs=0.4=h14c3975_1001
  - python=3.7.6=h0371630_2
  - python-dateutil=2.8.1=py_0
  - pytz=2019.3=py_0
  - qt=5.9.7=h0c104cb_3
  - readline=7.0=h7b6447c_5
  - setuptools=44.0.0=py37_0
  - six=1.13.0=py37_0
  - sqlite=3.30.1=h7b6447c_0
  - tk=8.6.8=hbc83047_0
  - wheel=0.33.6=py37_0
  - x264=1!152.20180806=h14c3975_0
  - xorg-kbproto=1.0.7=h14c3975_1002
  - xorg-libice=1.0.10=h516909a_0
  - xorg-libsm=1.2.3=h84519dc_1000
  - xorg-libx11=1.6.9=h516909a_0
  - xorg-libxau=1.0.9=h14c3975_0
  - xorg-libxdmcp=1.1.3=h516909a_0
  - xorg-libxext=1.3.4=h516909a_0
  - xorg-libxrender=0.9.10=h516909a_1002
  - xorg-renderproto=0.11.1=h14c3975_1002
  - xorg-xextproto=7.3.0=h14c3975_1002
  - xorg-xproto=7.0.31=h14c3975_1007
  - xz=5.2.4=h14c3975_4
  - zlib=1.2.11=h7b6447c_3
  - zstd=1.4.4=h3b9ef0a_1
prefix: /home/apg/miniconda3/envs/safety_metrics
